[MISSION]
title=-BMS 005- Long Travel
[STPT]
target_0=1149632.875000, 1792509.000000, 0.000000, 1
target_1=1116833.125000, 2133626.750000, -22000.000000, 2
target_2=1106993.125000, 2563304.250000, -25000.000000, 0
target_3=1251312.250000, 2510824.500000, -27500.000000, 20
target_4=1251312.250000, 3006101.500000, -27500.000000, 20
target_5=1149632.875000, 2687943.500000, -22000.000000, 3
target_6=1149632.875000, 1792509.000000, 0.000000, 7
target_7=805235.062500, 2304185.750000, 0.000000, 7
target_8=0.000000, 0.000000, 0.000000, -1
target_9=0.000000, 0.000000, 0.000000, -1
target_10=0.000000, 0.000000, 0.000000, -1
target_11=0.000000, 0.000000, 0.000000, -1
target_12=0.000000, 0.000000, 0.000000, -1
target_13=0.000000, 0.000000, 0.000000, -1
target_14=0.000000, 0.000000, 0.000000, -1
target_15=0.000000, 0.000000, 0.000000, -1
target_16=0.000000, 0.000000, 0.000000, -1
target_17=0.000000, 0.000000, 0.000000, -1
target_18=0.000000, 0.000000, 0.000000, -1
target_19=0.000000, 0.000000, 0.000000, -1
target_20=0.000000, 0.000000, 0.000000, -1
target_21=0.000000, 0.000000, 0.000000, -1
target_22=0.000000, 0.000000, 0.000000, -1
target_23=0.000000, 0.000000, 0.000000, -1
ppt_0=1802020.875000, 1021671.062500, 0.000000, 297730.406250, 10
ppt_1=2092035.375000, 1618356.375000, 0.000000, 1002562.000000, SA5
ppt_2=2929806.500000, 2436112.500000, 0.000000, 1002562.000000, SA5
ppt_3=2336809.750000, 1954421.250000, 0.000000, 164055.500000, SA2
ppt_4=2654102.750000, 2434436.750000, 0.000000, 164055.500000, SA2
ppt_5=2559147.500000, 2357371.500000, 0.000000, 48609.039063, A
ppt_6=2638965.000000, 2378014.000000, 0.000000, 164055.500000, SA2
ppt_7=2581166.000000, 2435812.750000, 0.000000, 39494.851563, 15
ppt_8=1244434.000000, 1427761.000000, 0.000000, 522547.187500, P
ppt_9=753573.000000, 1537873.250000, 0.000000, 522547.187500, P
ppt_10=843582.250000, 2296523.250000, 0.000000, 522547.187500, P
ppt_11=0.000000, 0.000000, 0.000000, 0.000000,
ppt_12=0.000000, 0.000000, 0.000000, 0.000000,
ppt_13=0.000000, 0.000000, 0.000000, 0.000000,
ppt_14=0.000000, 0.000000, 0.000000, 0.000000,
lineSTPT_0=1137316.500000, 2430783.500000, 0.000000
lineSTPT_1=1342857.125000, 2305336.250000, 0.000000
lineSTPT_2=1262763.875000, 2198223.500000, 0.000000
lineSTPT_3=1072663.000000, 2326565.750000, 0.000000
lineSTPT_4=1137316.500000, 2430783.500000, 0.000000
lineSTPT_5=1142141.500000, 2619919.500000, 0.000000
lineSTPT_6=1142141.500000, 2479997.500000, 0.000000
lineSTPT_7=872912.000000, 2480962.500000, 0.000000
lineSTPT_8=872912.000000, 2619919.500000, 0.000000
lineSTPT_9=1142141.500000, 2619919.500000, 0.000000
lineSTPT_10=1094248.750000, 642001.437500, 0.000000
lineSTPT_11=1589706.500000, 1395655.250000, 0.000000
lineSTPT_12=1642043.500000, 1800395.250000, 0.000000
lineSTPT_13=1729272.000000, 1960895.625000, 0.000000
lineSTPT_14=1802543.875000, 2690125.500000, 0.000000
lineSTPT_15=1295428.125000, 2466305.000000, 0.000000
lineSTPT_16=1295428.125000, 3057854.000000, 0.000000
lineSTPT_17=1186219.000000, 3059154.250000, 0.000000
lineSTPT_18=1187519.000000, 2466305.000000, 0.000000
lineSTPT_19=1295428.125000, 2466305.000000, 0.000000
