[MISSION]
title=-BMS5-001 Multinational War
[STPT]
target_0=775715.250000, 2048347.375000, 0.000000, 1
target_1=929874.312500, 1881068.500000, -22000.000000, 2
target_2=965954.062500, 1844988.625000, -25000.000000, 0
target_3=1451391.125000, 1776109.125000, -27500.000000, 20
target_4=1024993.687500, 1635070.000000, -27500.000000, 20
target_5=867554.687500, 1913868.250000, -22000.000000, 3
target_6=775715.250000, 2048347.375000, 0.000000, 7
target_7=1041393.625000, 1881068.500000, 0.000000, 7
target_8=0.000000, 0.000000, 0.000000, -1
target_9=0.000000, 0.000000, 0.000000, -1
target_10=0.000000, 0.000000, 0.000000, -1
target_11=0.000000, 0.000000, 0.000000, -1
target_12=0.000000, 0.000000, 0.000000, -1
target_13=0.000000, 0.000000, 0.000000, -1
target_14=0.000000, 0.000000, 0.000000, -1
target_15=0.000000, 0.000000, 0.000000, -1
target_16=0.000000, 0.000000, 0.000000, -1
target_17=0.000000, 0.000000, 0.000000, -1
target_18=0.000000, 0.000000, 0.000000, -1
target_19=0.000000, 0.000000, 0.000000, -1
target_20=0.000000, 0.000000, 0.000000, -1
target_21=0.000000, 0.000000, 0.000000, -1
target_22=0.000000, 0.000000, 0.000000, -1
target_23=0.000000, 0.000000, 0.000000, -1
ppt_0=2091106.125000, 1617600.500000, 0.000000, 1002562.000000, SA5
ppt_1=1799748.875000, 1019750.500000, 0.000000, 1002562.000000, SA5
ppt_2=1892453.375000, 1057589.125000, 0.000000, 164055.500000, SA2
ppt_3=1934075.875000, 1632736.000000, 0.000000, 164055.500000, SA2
ppt_4=1557581.750000, 1254349.875000, 0.000000, 164055.500000, SA2
ppt_5=1145141.000000, 1702737.375000, 0.000000, 522547.187500, P
ppt_6=779228.250000, 1305142.125000, 0.000000, 139751.000000, H
ppt_7=0.000000, 0.000000, 0.000000, 0.000000,
ppt_8=0.000000, 0.000000, 0.000000, 0.000000,
ppt_9=0.000000, 0.000000, 0.000000, 0.000000,
ppt_10=0.000000, 0.000000, 0.000000, 0.000000,
ppt_11=0.000000, 0.000000, 0.000000, 0.000000,
ppt_12=0.000000, 0.000000, 0.000000, 0.000000,
ppt_13=0.000000, 0.000000, 0.000000, 0.000000,
ppt_14=0.000000, 0.000000, 0.000000, 0.000000,
lineSTPT_0=1199923.750000, 948912.500000, 0.000000
lineSTPT_1=1576223.000000, 1381777.000000, 0.000000
lineSTPT_2=1644596.375000, 1591667.250000, 0.000000
lineSTPT_3=1633465.750000, 1863570.375000, 0.000000
lineSTPT_4=1882613.375000, 2309020.250000, 0.000000
lineSTPT_5=0.000000, 0.000000, 0.000000
lineSTPT_6=0.000000, 0.000000, 0.000000
lineSTPT_7=0.000000, 0.000000, 0.000000
lineSTPT_8=0.000000, 0.000000, 0.000000
lineSTPT_9=0.000000, 0.000000, 0.000000
lineSTPT_10=0.000000, 0.000000, 0.000000
lineSTPT_11=0.000000, 0.000000, 0.000000
lineSTPT_12=0.000000, 0.000000, 0.000000
lineSTPT_13=0.000000, 0.000000, 0.000000
lineSTPT_14=0.000000, 0.000000, 0.000000
lineSTPT_15=0.000000, 0.000000, 0.000000
lineSTPT_16=0.000000, 0.000000, 0.000000
lineSTPT_17=0.000000, 0.000000, 0.000000
lineSTPT_18=0.000000, 0.000000, 0.000000
lineSTPT_19=0.000000, 0.000000, 0.000000
